Evaluation Results for: data/overlap_100pct_15apt_100
============================================================


models/vad_et_10ep_ivec.pt
[0.40655626 0.54650001 0.57205179]
mAP: 0.5071271557067619
confusion
[[0.23111388 0.02035681 0.02786737]
 [0.68263846 0.89283842 0.72671889]
 [0.08624767 0.08680478 0.24541374]]
accuracy 53.23

============================================================

models/vad_et_10ep_ivec_l2.pt
[0.40245904 0.61142494 0.63881298]
mAP: 0.5513960554596365
confusion
[[0.2176312  0.01616261 0.02308913]
 [0.7096453  0.93259336 0.7302343 ]
 [0.0727235  0.05124403 0.24667656]]
accuracy 54.84

============================================================

models/vad_et_10ep_linear.pt
[0.410613   0.6043538  0.65439742]
mAP: 0.5735924508487943
confusion
[[0.2282514  0.01827469 0.02636564]
 [0.59796723 0.86467742 0.51644226]
 [0.17378137 0.11704789 0.4571921 ]]
accuracy 60.23

============================================================

models/vad_et_10ep_linear_ivec_l2.pt
[0.4023068  0.57730602 0.58501611]
mAP: 0.5292433371309059
confusion
[[0.22767061 0.01960784 0.02621205]
 [0.67044182 0.88509414 0.71306678]
 [0.10188758 0.09529801 0.26072117]]
accuracy 53.43

============================================================

models/vad_et_10ep_linear_ivec_regular.pt
[0.4040051  0.5469186  0.57172874]
mAP: 0.5095558117139918
confusion
[[0.23306368 0.02422145 0.02667281]
 [0.65438706 0.88179871 0.70724756]
 [0.11254926 0.09397984 0.26607963]]
accuracy 53.58

============================================================

models/vad_et_10ep_linear_wpl_0.1.pt
[0.41138388 0.62124474 0.67752805]
mAP: 0.596917099832665
confusion
[[0.22422734 0.01550353 0.02250892]
 [0.57539929 0.82853248 0.46884759]
 [0.20037337 0.15596399 0.50864349]]
accuracy 60.57

============================================================

models/vad_et_10ep_linear_wpl_0.5.pt
[0.40664515 0.62257634 0.65727375]
mAP: 0.5860649070648227
confusion
[[0.21991288 0.0160278  0.02368641]
 [0.59780129 0.85612427 0.50891653]
 [0.18228583 0.12784793 0.46739705]]
accuracy 60.11

============================================================

models/vad_et_10ep_linear_xvec_l2.pt
[0.41545269 0.63449706 0.65445979]
mAP: 0.607923726582034
confusion
[[0.22845883 0.02082116 0.02474445]
 [0.49437876 0.75495439 0.43236233]
 [0.27716241 0.22422445 0.54289322]]
accuracy 58.69

============================================================

models/vad_et_10ep_tanh_lr.pt
[0.40813007 0.62549935 0.66253045]
mAP: 0.5969843096596051
confusion
[[0.22808546 0.01959286 0.02624618]
 [0.55905414 0.81650414 0.45069028]
 [0.2128604  0.16390299 0.52306353]]
accuracy 60.66

============================================================

models/vad_et_10ep_tanh_wpl_0.1.pt
[0.41354362 0.61295023 0.6550397 ]
mAP: 0.5872309743805233
confusion
[[0.22352209 0.01611768 0.02174099]
 [0.57871811 0.8329214  0.47922319]
 [0.1977598  0.15096092 0.49903582]]
accuracy 60.37

============================================================

models/vad_et_10ep_tanh_wpl_0.3.pt
[0.41806859 0.61068078 0.689797  ]
mAP: 0.5947703898810361
confusion
[[0.22576229 0.01608772 0.02295261]
 [0.54345571 0.82791833 0.42191846]
 [0.230782   0.15599395 0.55512893]]
accuracy 62.39

============================================================

models/vad_et_10ep_tanh_wpl_0.5.pt
[0.4100103  0.6500772  0.69953413]
mAP: 0.6137209308097352
confusion
[[0.22663348 0.01813988 0.02419837]
 [0.57357395 0.86279004 0.43403471]
 [0.19979257 0.11907009 0.54176692]]
accuracy 63.43

============================================================

models/vad_et_10ep_tanh_wpl_0.7.pt
[0.40779304 0.61891067 0.671445  ]
mAP: 0.5976738035005852
confusion
[[0.22762912 0.01941311 0.02455673]
 [0.56245592 0.84107012 0.4464752 ]
 [0.20991496 0.13951677 0.52896807]]
accuracy 61.98

============================================================

models/vad_et_10ep_xvec_l2.pt
[0.40921461 0.61060091 0.64385879]
mAP: 0.5879368021451076
confusion
[[0.22534744 0.02070133 0.02686053]
 [0.54884879 0.82778352 0.4825509 ]
 [0.22580378 0.15151515 0.49058858]]
accuracy 59.84

============================================================

models/vad_set_linear_score0_10ep.pt
[0.41004202 0.61894478 0.62829525]
mAP: 0.5889943741248861
confusion
[[0.22302427 0.01634237 0.02218468]
 [0.55532047 0.79731572 0.46509326]
 [0.22165526 0.18634192 0.51272206]]
accuracy 59.31

============================================================

models/vad_set_linear_score1_10ep.pt
[0.40625864 0.65685723 0.70904323]
mAP: 0.6207923871435397
confusion
[[0.22061813 0.01551851 0.02254305]
 [0.64003319 0.90983987 0.53985563]
 [0.13934868 0.07464162 0.43760132]]
accuracy 61.35

============================================================

models/vad_set_linear_score2_10ep.pt
[0.40876785 0.65906435 0.69586508]
mAP: 0.6167332118230477
confusion
[[0.22107447 0.0164622  0.02244066]
 [0.62298278 0.88136431 0.50099831]
 [0.15594275 0.10217349 0.47656103]]
accuracy 61.62

============================================================

models/vad_set_tanh_score0_10ep.pt
[0.41216689 0.64174307 0.64376268]
mAP: 0.5965904691289446
confusion
[[0.22439328 0.01784029 0.02419837]
 [0.60381664 0.84430564 0.54565778]
 [0.17179009 0.13785407 0.43014386]]
accuracy 58.20

============================================================

models/vad_set_tanh_score1_10ep.pt
[0.410856   0.66781971 0.71232062]
mAP: 0.626624615399703
confusion
[[0.23360299 0.02092602 0.02546119]
 [0.59813317 0.86577091 0.47944504]
 [0.16826385 0.11330308 0.49509377]]
accuracy 61.85

============================================================

models/vad_set_tanh_score2_10ep.pt
[0.40844178 0.67304499 0.70330926]
mAP: 0.6258602386099934
confusion
[[0.22057664 0.01502419 0.02300381]
 [0.63932794 0.89685286 0.53045274]
 [0.14009542 0.08812295 0.44654346]]
accuracy 61.12

============================================================

models/vad_st_linear_score0_8ep.pt
[0.40293948 0.57274275 0.54931554]
mAP: 0.5502380941175613
confusion
[[0.23302219 0.02115071 0.02692879]
 [0.50968679 0.706856   0.51533303]
 [0.25729102 0.27199329 0.45773819]]
accuracy 53.28

============================================================

models/vad_st_linear_score1_8ep.pt
[0.4056397  0.68009055 0.70513458]
mAP: 0.6491025609494742
confusion
[[0.22543041 0.018769   0.02513695]
 [0.58597801 0.86403331 0.46787488]
 [0.18859158 0.11719768 0.50698817]]
accuracy 62.11

============================================================

models/vad_st_linear_score2_8ep.pt
[0.40636937 0.68827572 0.68482074]
mAP: 0.6342498029031509
confusion
[[0.21924912 0.01598286 0.02312326]
 [0.62642605 0.88898875 0.53533337]
 [0.15432483 0.09502839 0.44154337]]
accuracy 60.55

============================================================

models/vad_st_tanh_score0_8ep.pt
[0.40597138 0.56209361 0.53992127]
mAP: 0.5395181704956726
confusion
[[0.22621863 0.01957788 0.02522227]
 [0.53524165 0.71587352 0.56480486]
 [0.23853972 0.2645486  0.40997287]]
accuracy 51.70

============================================================

models/vad_st_tanh_score1_8ep.pt
[0.40640742 0.68212357 0.69149649]
mAP: 0.6339256782890119
confusion
[[0.21912466 0.01511407 0.02259424]
 [0.62385397 0.87982145 0.51947985]
 [0.15702136 0.10506449 0.4579259 ]]
accuracy 60.79

============================================================

models/vad_st_tanh_score2_8ep.pt
[0.40971555 0.6884793  0.69833191]
mAP: 0.6417312902983067
confusion
[[0.21949803 0.01592295 0.02233827]
 [0.61680149 0.88242784 0.50756839]
 [0.16370048 0.10164922 0.47009335]]
accuracy 61.39

============================================================
