Evaluation Results for: data/overlap_100pct_100
============================================================


models/vad_et_10ep_ivec.pt
[0.45080947 0.65797193 0.67019255]
mAP: 0.5858215494378881
confusion
[[0.26484678 0.0211719  0.01993213]
 [0.63075081 0.90434272 0.6570026 ]
 [0.10440241 0.07448537 0.32306527]]
accuracy 56.89

============================================================

models/vad_et_10ep_ivec_l2.pt
[0.45201347 0.6832282  0.6984762 ]
mAP: 0.6114720827183625
confusion
[[0.25493516 0.01634164 0.01925675]
 [0.60692162 0.90279283 0.60993971]
 [0.13814322 0.08086554 0.37080354]]
accuracy 58.58

============================================================

models/vad_et_10ep_linear.pt
[0.46168309 0.69861383 0.73409502]
mAP: 0.6425876513108117
confusion
[[0.26088213 0.01771097 0.0205581 ]
 [0.59548195 0.89334296 0.49736435]
 [0.14363591 0.08894607 0.48207755]]
accuracy 62.72

============================================================

models/vad_et_10ep_linear_ivec_l2.pt
[0.45926562 0.66353405 0.68211797]
mAP: 0.6070655493974578
confusion
[[0.26088213 0.01668773 0.01917438]
 [0.59515157 0.88151559 0.58252891]
 [0.1439663  0.10179668 0.39829671]]
accuracy 58.85

============================================================

models/vad_et_10ep_linear_ivec_regular.pt
[0.45662401 0.62084655 0.62047556]
mAP: 0.5648362291242021
confusion
[[0.2696374  0.02221018 0.02213949]
 [0.59143471 0.87802456 0.60330116]
 [0.13892789 0.09976526 0.37455935]]
accuracy 57.88

============================================================

models/vad_et_10ep_linear_wpl_0.1.pt
[0.46763382 0.67844375 0.71719774]
mAP: 0.6433212059626556
confusion
[[0.25551334 0.01530336 0.01629164]
 [0.54992979 0.84636451 0.43389451]
 [0.19455687 0.13833213 0.54981386]]
accuracy 63.29

============================================================

models/vad_et_10ep_linear_wpl_0.5.pt
[0.45531058 0.67002111 0.71462691]
mAP: 0.6272355533416681
confusion
[[0.25749566 0.01701878 0.01704939]
 [0.57722805 0.87141868 0.50222383]
 [0.16527629 0.11156254 0.48072678]]
accuracy 61.65

============================================================

models/vad_et_10ep_linear_xvec_l2.pt
[0.46259161 0.67113074 0.68053408]
mAP: 0.6402407058504423
confusion
[[0.26534236 0.02022391 0.01975093]
 [0.50466672 0.73146142 0.40944882]
 [0.22999091 0.24831467 0.57080025]]
accuracy 59.25

============================================================

models/vad_et_10ep_tanh_lr.pt
[0.46343903 0.67906085 0.6982988 ]
mAP: 0.6392114369431858
confusion
[[0.26302965 0.01951667 0.01966857]
 [0.53836623 0.82203262 0.42081508]
 [0.19860411 0.1584507  0.55951636]]
accuracy 62.73

============================================================

models/vad_et_10ep_tanh_wpl_0.1.pt
[0.46830372 0.67860295 0.69698008]
mAP: 0.6356354460150566
confusion
[[0.25695878 0.01664259 0.01642342]
 [0.56095647 0.85361743 0.46888281]
 [0.18208474 0.12973998 0.51469377]]
accuracy 62.23

============================================================

models/vad_et_10ep_tanh_wpl_0.3.pt
[0.4726884  0.67779519 0.72273408]
mAP: 0.6356770264448204
confusion
[[0.25881721 0.01685326 0.01765888]
 [0.58482696 0.87856627 0.49074227]
 [0.15635583 0.10458047 0.49159885]]
accuracy 62.42

============================================================

models/vad_et_10ep_tanh_wpl_0.5.pt
[0.46078068 0.6829097  0.7229264 ]
mAP: 0.6455506383235444
confusion
[[0.26162551 0.01823763 0.01830132]
 [0.54769968 0.85974178 0.41425889]
 [0.19067482 0.12202059 0.56743979]]
accuracy 64.68

============================================================

models/vad_et_10ep_tanh_wpl_0.7.pt
[0.45494257 0.67173519 0.71003422]
mAP: 0.6395624073179584
confusion
[[0.25869332 0.01772601 0.01861431]
 [0.54579995 0.83622246 0.42285771]
 [0.19550673 0.14605152 0.55852799]]
accuracy 63.25

============================================================

models/vad_et_10ep_xvec_l2.pt
[0.46428466 0.67925658 0.68145868]
mAP: 0.6417612977219274
confusion
[[0.2616668  0.01929096 0.0200145 ]
 [0.53241926 0.79163657 0.453003  ]
 [0.20591393 0.18907247 0.52698251]]
accuracy 60.07

============================================================

models/vad_set_linear_score0_10ep.pt
[0.46180536 0.70344775 0.7451241 ]
mAP: 0.6685023427570309
confusion
[[0.2565045  0.01488203 0.01777419]
 [0.57256133 0.87415734 0.44692452]
 [0.17093417 0.11096064 0.53530129]]
accuracy 63.95

============================================================

models/vad_set_linear_score1_10ep.pt
[0.45779394 0.71221866 0.77707865]
mAP: 0.6841457685244707
confusion
[[0.25030974 0.01519803 0.01629164]
 [0.59296275 0.92258035 0.45595164]
 [0.15672751 0.06222162 0.52775673]]
accuracy 65.67

============================================================

models/vad_set_linear_score2_10ep.pt
[0.4595448  0.7034433  0.76928016]
mAP: 0.6727817830745128
confusion
[[0.25365491 0.01483688 0.01643989]
 [0.59762947 0.91997713 0.45806016]
 [0.14871562 0.06518599 0.52549995]]
accuracy 65.52

============================================================

models/vad_set_tanh_score0_10ep.pt
[0.46115384 0.70734739 0.73408257]
mAP: 0.6644519997189947
confusion
[[0.25629801 0.01757554 0.01810365]
 [0.55942843 0.8645871  0.46944289]
 [0.18427356 0.11783737 0.51245346]]
accuracy 62.61

============================================================

models/vad_set_tanh_score1_10ep.pt
[0.46007188 0.71404024 0.78081846]
mAP: 0.6908203626386362
confusion
[[0.26162551 0.02063019 0.01975093]
 [0.55517469 0.88768508 0.38353705]
 [0.1831998  0.09168472 0.59671202]]
accuracy 67.09

============================================================

models/vad_set_tanh_score2_10ep.pt
[0.46146915 0.72040313 0.77753316]
mAP: 0.6911007090431035
confusion
[[0.25274635 0.01551402 0.01680229]
 [0.57776493 0.90822499 0.42009027]
 [0.16948873 0.07626098 0.56310744]]
accuracy 66.50

============================================================

models/vad_st_linear_score0_8ep.pt
[0.4518373  0.65133025 0.68262691]
mAP: 0.6431259779839671
confusion
[[0.26323614 0.01987781 0.02067341]
 [0.47732717 0.76331708 0.42378019]
 [0.25943669 0.2168051  0.5555464 ]]
accuracy 60.00

============================================================

models/vad_st_linear_score1_8ep.pt
[0.46175354 0.7166108  0.76688957]
mAP: 0.7047101444262672
confusion
[[0.2617494  0.01954677 0.01942147]
 [0.52370529 0.82973697 0.35871248]
 [0.2145453  0.15071626 0.62186604]]
accuracy 65.55

============================================================

models/vad_st_linear_score2_8ep.pt
[0.45279069 0.72609552 0.74868388]
mAP: 0.6900934782973445
confusion
[[0.25002065 0.01623631 0.01779066]
 [0.56397126 0.87304382 0.42333542]
 [0.18600809 0.11071987 0.55887392]]
accuracy 64.74

============================================================

models/vad_st_tanh_score0_8ep.pt
[0.4562704  0.63352103 0.66437608]
mAP: 0.6210880468696498
confusion
[[0.25803254 0.01784639 0.01840016]
 [0.5078467  0.7991152  0.474533  ]
 [0.23412076 0.1830384  0.50706685]]
accuracy 59.54

============================================================

models/vad_st_tanh_score1_8ep.pt
[0.46174758 0.71782852 0.76410193]
mAP: 0.6975850454512932
confusion
[[0.24948377 0.01548393 0.01617633]
 [0.5444784  0.85620561 0.38095081]
 [0.20603783 0.12831046 0.60287286]]
accuracy 65.76

============================================================

models/vad_st_tanh_score2_8ep.pt
[0.45929993 0.6983044  0.73975471]
mAP: 0.6779109534953239
confusion
[[0.24898819 0.01622126 0.01571509]
 [0.56298009 0.84627423 0.42178697]
 [0.18803172 0.13750451 0.56249794]]
accuracy 63.69

============================================================
