Evaluation Results for: data/overlap_30pct_100
============================================================


models/vad_et_10ep_ivec.pt
[0.73118389 0.81149392 0.80284783]
mAP: 0.7565467004029208
confusion
[[0.76661821 0.04369083 0.05358643]
 [0.16198207 0.88842753 0.42894658]
 [0.07139973 0.06788164 0.51746699]]
accuracy 71.72

============================================================

models/vad_et_10ep_ivec_l2.pt
[0.74121813 0.91225925 0.9097858 ]
mAP: 0.8855278827565993
confusion
[[0.76859704 0.0396236  0.04884454]
 [0.14776674 0.87762882 0.15892857]
 [0.08363622 0.08274758 0.79222689]]
accuracy 82.58

============================================================

models/vad_et_10ep_linear.pt
[0.74078113 0.91191751 0.90196472]
mAP: 0.8899088902912698
confusion
[[0.76229707 0.0423162  0.0510054 ]
 [0.13855908 0.84231336 0.11958283]
 [0.09914385 0.11537044 0.82941176]]
accuracy 82.48

============================================================

models/vad_et_10ep_linear_ivec_l2.pt
[0.73997859 0.90081947 0.90016164]
mAP: 0.8707042676237091
confusion
[[0.7648009  0.0403747  0.05030012]
 [0.15580325 0.87781305 0.195003  ]
 [0.07939585 0.08181226 0.75469688]]
accuracy 80.99

============================================================

models/vad_et_10ep_linear_ivec_regular.pt
[0.73568612 0.85221353 0.83820021]
mAP: 0.8069383836567164
confusion
[[0.76035861 0.04213197 0.05187575]
 [0.16808012 0.87867751 0.3344988 ]
 [0.07156126 0.07919052 0.61362545]]
accuracy 75.15

============================================================

models/vad_et_10ep_linear_wpl_0.1.pt
[0.72897732 0.91024141 0.90779053]
mAP: 0.8894311899306592
confusion
[[0.76152976 0.04356329 0.05030012]
 [0.13205718 0.79631257 0.08853541]
 [0.10641305 0.16012414 0.86116447]]
accuracy 81.77

============================================================

models/vad_et_10ep_linear_wpl_0.5.pt
[0.74317912 0.91105787 0.89525811]
mAP: 0.8873013345504437
confusion
[[0.76661821 0.04513633 0.05186074]
 [0.13371295 0.82747577 0.11932773]
 [0.09966885 0.1273879  0.82881152]]
accuracy 81.87

============================================================

models/vad_et_10ep_linear_xvec_l2.pt
[0.74879956 0.90986992 0.90662137]
mAP: 0.8897577171540417
confusion
[[0.76270091 0.04135253 0.04912965]
 [0.13023988 0.8001814  0.09663866]
 [0.1070592  0.15846607 0.85423169]]
accuracy 81.67

============================================================

models/vad_et_10ep_tanh_lr.pt
[0.73869338 0.91345313 0.90334224]
mAP: 0.8908362129790859
confusion
[[0.76568936 0.04218865 0.05082533]
 [0.13028027 0.82801428 0.09242197]
 [0.10403037 0.12979706 0.8567527 ]]
accuracy 83.03

============================================================

models/vad_et_10ep_tanh_wpl_0.1.pt
[0.73354984 0.91470417 0.91214876]
mAP: 0.8934479739415093
confusion
[[0.76976819 0.04713452 0.05267107]
 [0.13334949 0.83167054 0.09372749]
 [0.09688232 0.12119494 0.85360144]]
accuracy 83.12

============================================================

models/vad_et_10ep_tanh_wpl_0.3.pt
[0.73780002 0.92170293 0.91852005]
mAP: 0.9000447692567694
confusion
[[0.76282207 0.04325152 0.05070528]
 [0.14619175 0.85893657 0.09977491]
 [0.09098619 0.09781192 0.84951981]]
accuracy 84.04

============================================================

models/vad_et_10ep_tanh_wpl_0.5.pt
[0.73892705 0.92060434 0.91777475]
mAP: 0.9003476980105679
confusion
[[0.76556821 0.04427187 0.05016507]
 [0.12918989 0.84129301 0.08089736]
 [0.1052419  0.11443512 0.86893758]]
accuracy 84.11

============================================================

models/vad_et_10ep_tanh_wpl_0.7.pt
[0.73978349 0.91301862 0.88917491]
mAP: 0.8874453320248133
confusion
[[0.76314514 0.04276968 0.05066026]
 [0.12987642 0.81987983 0.08238295]
 [0.10697843 0.13735049 0.86695678]]
accuracy 83.06

============================================================

models/vad_et_10ep_xvec_l2.pt
[0.74156059 0.9117541  0.90634985]
mAP: 0.8910533234620914
confusion
[[0.76257976 0.04014795 0.04903962]
 [0.13294564 0.82996996 0.11809724]
 [0.1044746  0.12988209 0.83286315]]
accuracy 82.09

============================================================

models/vad_set_linear_score0_10ep.pt
[0.74018186 0.92982292 0.93021084]
mAP: 0.9107749928450448
confusion
[[0.76241822 0.04308146 0.04933974]
 [0.12793797 0.85077377 0.06165966]
 [0.10964381 0.10614478 0.8890006 ]]
accuracy 85.30

============================================================

models/vad_set_linear_score1_10ep.pt
[0.74071284 0.94850827 0.95358426]
mAP: 0.9318974691195341
confusion
[[0.75971246 0.04199025 0.04807923]
 [0.13460141 0.89676039 0.05265606]
 [0.10568613 0.06124936 0.89926471]]
accuracy 87.68

============================================================

models/vad_set_linear_score2_10ep.pt
[0.73821198 0.94564724 0.9500546 ]
mAP: 0.9283402993399145
confusion
[[0.75898554 0.04211779 0.0492497 ]
 [0.13431871 0.89331671 0.05994898]
 [0.10669574 0.0645655  0.89080132]]
accuracy 87.17

============================================================

models/vad_set_tanh_score0_10ep.pt
[0.73541192 0.93087503 0.92766499]
mAP: 0.9102728431679141
confusion
[[0.76435668 0.04437107 0.05183073]
 [0.12906873 0.85268692 0.08496399]
 [0.10657459 0.10294201 0.86320528]]
accuracy 84.35

============================================================

models/vad_set_tanh_score1_10ep.pt
[0.73324766 0.94836547 0.95800116]
mAP: 0.9338449662238612
confusion
[[0.76342783 0.04414432 0.04935474]
 [0.13036104 0.88665609 0.03892557]
 [0.10621113 0.06919959 0.91171969]]
accuracy 87.81

============================================================

models/vad_set_tanh_score2_10ep.pt
[0.748138   0.94480011 0.94994935]
mAP: 0.9282468569640209
confusion
[[0.76290283 0.0431098  0.04980492]
 [0.13274372 0.88671277 0.05463685]
 [0.10435344 0.07017743 0.89555822]]
accuracy 87.14

============================================================

models/vad_st_linear_score0_8ep.pt
[0.73572603 0.88312768 0.8792951 ]
mAP: 0.8596173020786811
confusion
[[0.77303933 0.04490959 0.05331633]
 [0.10451498 0.74370784 0.09683373]
 [0.12244568 0.21138257 0.84984994]]
accuracy 79.19

============================================================

models/vad_st_linear_score1_8ep.pt
[0.73744393 0.94625081 0.9495377 ]
mAP: 0.9273243709880046
confusion
[[0.76399322 0.04329403 0.05019508]
 [0.12175915 0.89104926 0.03864046]
 [0.11424764 0.06565671 0.91116447]]
accuracy 87.99

============================================================

models/vad_st_linear_score2_8ep.pt
[0.72525188 0.94112297 0.94363493]
mAP: 0.9223702670608762
confusion
[[0.75090865 0.0431098  0.04992497]
 [0.12713028 0.88403435 0.05241597]
 [0.12196107 0.07285585 0.89765906]]
accuracy 86.93

============================================================

models/vad_st_tanh_score0_8ep.pt
[0.73686439 0.88808787 0.88121002]
mAP: 0.864724245365483
confusion
[[0.76427591 0.04196191 0.04963986]
 [0.11178419 0.7708605  0.10009004]
 [0.12393991 0.1871776  0.85027011]]
accuracy 80.25

============================================================

models/vad_st_tanh_score1_8ep.pt
[0.73679276 0.9437973  0.95193181]
mAP: 0.9285613166235516
confusion
[[0.75640094 0.04105493 0.04840936]
 [0.12725143 0.89168698 0.04260204]
 [0.11634763 0.06725809 0.9089886 ]]
accuracy 87.81

============================================================

models/vad_st_tanh_score2_8ep.pt
[0.74826845 0.93941913 0.94579997]
mAP: 0.9230568102004022
confusion
[[0.75644132 0.04102659 0.04848439]
 [0.12644374 0.88380761 0.04638355]
 [0.11711493 0.07516581 0.90513205]]
accuracy 87.31

============================================================
