Evaluation Results for: data/overlap_10pct_100
============================================================


models/vad_et_10ep_ivec.pt
[0.75983104 0.83272053 0.81276305]
mAP: 0.7902818052242577
confusion
[[0.83067309 0.05318675 0.05412897]
 [0.12697407 0.8685983  0.3508945 ]
 [0.04235284 0.07821494 0.59497653]]
accuracy 75.53

============================================================

models/vad_et_10ep_ivec_l2.pt
[0.77470938 0.91640433 0.90776604]
mAP: 0.8918632153774068
confusion
[[0.82729499 0.04965581 0.0517992 ]
 [0.1081412  0.85103258 0.14439494]
 [0.0645638  0.09931161 0.80380586]]
accuracy 82.88

============================================================

models/vad_et_10ep_linear.pt
[0.7783979  0.9257003  0.91978561]
mAP: 0.9066603638579955
confusion
[[0.82936407 0.05145095 0.05292157]
 [0.09927371 0.83935671 0.10555404]
 [0.07136222 0.10919233 0.84152439]]
accuracy 83.86

============================================================

models/vad_et_10ep_linear_ivec_l2.pt
[0.77136926 0.91184848 0.89959101]
mAP: 0.8861250660341375
confusion
[[0.82725277 0.05038277 0.05230937]
 [0.11337725 0.86982968 0.19170465]
 [0.05936999 0.07978755 0.75598599]]
accuracy 81.84

============================================================

models/vad_et_10ep_linear_ivec_regular.pt
[0.7627554  0.84070511 0.83506437]
mAP: 0.7962603565777214
confusion
[[0.82864623 0.05198505 0.05465615]
 [0.12904316 0.901356   0.37356302]
 [0.04231062 0.04665895 0.57178083]]
accuracy 76.06

============================================================

models/vad_et_10ep_linear_wpl_0.1.pt
[0.75296203 0.90930745 0.90435411]
mAP: 0.890733883668401
confusion
[[0.83122203 0.05591656 0.05329569]
 [0.08943501 0.80327577 0.12392014]
 [0.07934296 0.14080767 0.82278416]]
accuracy 81.53

============================================================

models/vad_et_10ep_linear_wpl_0.5.pt
[0.7688012  0.92609933 0.91702068]
mAP: 0.9044291924320268
confusion
[[0.83519128 0.05502641 0.05363581]
 [0.08745038 0.8218355  0.08978981]
 [0.07735833 0.12313809 0.85657438]]
accuracy 83.76

============================================================

models/vad_et_10ep_linear_xvec_l2.pt
[0.76984048 0.91379852 0.8762082 ]
mAP: 0.8862644615446946
confusion
[[0.82826619 0.0500267  0.05159513]
 [0.08305886 0.77056258 0.08370179]
 [0.08867494 0.17941072 0.86470308]]
accuracy 81.66

============================================================

models/vad_et_10ep_tanh_lr.pt
[0.76592397 0.91466521 0.91016369]
mAP: 0.895206961180272
confusion
[[0.83160206 0.05262299 0.05285355]
 [0.09171523 0.77737226 0.10245902]
 [0.07668271 0.17000475 0.84468744]]
accuracy 81.23

============================================================

models/vad_et_10ep_tanh_wpl_0.1.pt
[0.76861615 0.91362438 0.90471301]
mAP: 0.8930896769624403
confusion
[[0.83502238 0.05624295 0.05526835]
 [0.09251752 0.78797994 0.09883681]
 [0.0724601  0.15577711 0.84589484]]
accuracy 81.81

============================================================

models/vad_et_10ep_tanh_wpl_0.3.pt
[0.76386075 0.91845567 0.91265954]
mAP: 0.8994404567559486
confusion
[[0.83016637 0.05254881 0.05266649]
 [0.09217971 0.8184084  0.10586015]
 [0.07765391 0.12904279 0.84147337]]
accuracy 82.93

============================================================

models/vad_et_10ep_tanh_wpl_0.5.pt
[0.76438662 0.92089345 0.91399154]
mAP: 0.9008273473799121
confusion
[[0.82898404 0.05320159 0.05457112]
 [0.09061735 0.80738532 0.08693286]
 [0.08039861 0.13941309 0.85849602]]
accuracy 83.08

============================================================

models/vad_et_10ep_tanh_wpl_0.7.pt
[0.76858566 0.92574866 0.91576082]
mAP: 0.9037369407593185
confusion
[[0.83079976 0.05256365 0.05258146]
 [0.08968837 0.79867664 0.08749405]
 [0.07951187 0.14875972 0.85992449]]
accuracy 82.78

============================================================

models/vad_et_10ep_xvec_l2.pt
[0.76629043 0.92235972 0.89027501]
mAP: 0.8962446245190923
confusion
[[0.83029305 0.04972999 0.05122101]
 [0.09285533 0.79710403 0.09711924]
 [0.07685162 0.15316598 0.85165975]]
accuracy 82.38

============================================================

models/vad_set_linear_score0_10ep.pt
[0.76681191 0.93756282 0.9432686 ]
mAP: 0.9218804218642317
confusion
[[0.82813952 0.05205922 0.05349976]
 [0.10273626 0.85892529 0.07082852]
 [0.06912423 0.08901549 0.87567172]]
accuracy 86.06

============================================================

models/vad_set_linear_score1_10ep.pt
[0.76750375 0.95819169 0.96367207]
mAP: 0.9448524626784406
confusion
[[0.82227008 0.05088719 0.05088089]
 [0.10231399 0.89803276 0.04707163]
 [0.07541593 0.05108005 0.90204748]]
accuracy 88.76

============================================================

models/vad_set_linear_score2_10ep.pt
[0.76481114 0.95461899 0.96030656]
mAP: 0.9409839781265807
confusion
[[0.8248881  0.04984867 0.05154411]
 [0.0989359  0.88281111 0.05453711]
 [0.076176   0.06734022 0.89391878]]
accuracy 87.80

============================================================

models/vad_set_tanh_score0_10ep.pt
[0.76762145 0.9400875  0.94179874]
mAP: 0.9227666843977926
confusion
[[0.83181319 0.05317192 0.05378886]
 [0.09260198 0.84078096 0.06683219]
 [0.07558483 0.10604712 0.87937895]]
accuracy 85.45

============================================================

models/vad_set_tanh_score1_10ep.pt
[0.76810346 0.95959425 0.96443089]
mAP: 0.9454520316046767
confusion
[[0.82649269 0.05173283 0.05169716]
 [0.09319314 0.87735149 0.04020135]
 [0.08031416 0.07091567 0.90810149]]
accuracy 88.14

============================================================

models/vad_set_tanh_score2_10ep.pt
[0.76801513 0.95499401 0.96160287]
mAP: 0.9421376699951147
confusion
[[0.82531036 0.05220758 0.05263247]
 [0.09669791 0.88536289 0.04996259]
 [0.07799172 0.06242953 0.89740494]]
accuracy 88.06

============================================================

models/vad_st_linear_score0_8ep.pt
[0.77224143 0.89166767 0.89409223]
mAP: 0.8736468674197231
confusion
[[0.83776708 0.05495223 0.05625468]
 [0.07875179 0.75824877 0.09567376]
 [0.08348112 0.186799   0.84807156]]
accuracy 80.61

============================================================

models/vad_st_linear_score1_8ep.pt
[0.76463751 0.95080606 0.95921648]
mAP: 0.9381818073932737
confusion
[[0.82847732 0.0521334  0.05353377]
 [0.09171523 0.88577829 0.03753146]
 [0.07980745 0.0620883  0.90893477]]
accuracy 88.58

============================================================

models/vad_st_linear_score2_8ep.pt
[0.75766637 0.94975687 0.95523007]
mAP: 0.9358966103890216
confusion
[[0.8185964  0.05148062 0.05293858]
 [0.09407989 0.88473978 0.05205428]
 [0.08732371 0.0637796  0.89500714]]
accuracy 87.83

============================================================

models/vad_st_tanh_score0_8ep.pt
[0.77234632 0.9009622  0.90060308]
mAP: 0.8841190426621112
confusion
[[0.8247192  0.05222242 0.05264948]
 [0.08947724 0.78949321 0.10031631]
 [0.08580356 0.15828437 0.84703422]]
accuracy 81.76

============================================================

models/vad_st_tanh_score1_8ep.pt
[0.77229004 0.95428149 0.96257491]
mAP: 0.9430931319160362
confusion
[[0.82353686 0.04928491 0.05116999]
 [0.09678237 0.89273634 0.03918101]
 [0.07968077 0.05797875 0.909649  ]]
accuracy 88.84

============================================================

models/vad_st_tanh_score2_8ep.pt
[0.76891914 0.95128054 0.95828422]
mAP: 0.9381136259535022
confusion
[[0.82138333 0.05042727 0.05227536]
 [0.09399544 0.8814462  0.04700361]
 [0.08462123 0.06812652 0.90072104]]
accuracy 87.95

============================================================
